OTUId	B0-19a	B0-19b	B0-22a	B0-22b	B0-24	B0-27	B10-01	B10-06	B10-09a	B10-09b	B10-18	B10-24	B10-25a	B10-25b	B10-26a	B15-01a	B15-01b	B15-06	B15-07a	B15-07b	B15-11	B15-20	B15-24	B15-25a	B15-25b	B16-01a	B16-04	B16-31a	B16-31b	B20-04a	B20-08a	B20-08b	B20-11	B23-21	B23-23a	B24-02a	B24-26a	B24-26b	B24-28a	B24-29	B36-14a	B36-14b	B36-30	B36-31a	B36-32	B39-15	B39-16	B39-17a	B46-03	B7-07	B7-08a	medium1	medium2	negative2	negative1	mock	standard
LSUzotu2	7705	9	22	6	15410	10421	16220	13569	5195	7	3573	7565	13414	7353	18965	9796	2454	1589	2382	4285	8639	3977	8446	5434	14262	3	7443	793	33	30	49	7	3	4734	14764	43	2542	3448	8373	2555	4297	15265	1367	499	699	6225	7681	130	15	3522	5	7	23	21	24	747	16
LSUzotu7	386	0	0	0	548	380	109	125	115	0	40	64	116	58	93	63	47	20	47	49	91	79	115	50	73	0	34	7	0	0	1	0	1	46	67	0	47	33	87	21	50	109	24	15	4	73	83	1	0	23	0	0	0	0	0	20	0
LSUzotu1	258	19888	19631	34239	7239	1340	170	11309	18613	35695	2094	1159	6733	95	4421	33	20163	4	15782	3284	4560	7674	3569	466	3571	20350	33	10485	10239	34162	21	3445	6388	22924	8567	1031	11771	5163	6763	4311	3226	6297	6760	16058	367	5922	2153	11890	20657	2230	4660	2	12	11	219	4546	6
LSUzotu12	43	0	0	0	65	47	0	0	0	0	0	0	0	0	0	0	0	0	0	0	0	0	0	0	0	0	0	1	0	0	0	0	0	0	0	0	0	0	0	0	0	0	0	0	0	0	0	0	0	0	0	0	0	0	0	0	0
LSUzotu4	251	1	11	2284	2764	3024	13	0	1	0	2	0	2	0	1	1260	257	524	178	1572	4372	1616	7115	1663	3320	1	1	29	4	1	3	0	2	2	1	1	0	0	29	1	3	0	3	3	0	2	0	5	1	0	14	0	0	2	0	1822	0
LSUzotu10	2	0	0	1	33	102	0	0	0	0	0	0	0	0	0	43	5	2	5	14	88	16	122	19	147	0	0	1	0	0	0	0	0	0	0	0	0	0	0	0	0	0	0	0	0	0	0	0	0	0	0	0	0	0	0	2	0
LSUzotu37	3	0	0	0	123	187	0	0	0	1	0	0	0	0	0	197	6	52	6	123	144	24	257	124	412	0	0	2	0	0	1	0	0	0	0	0	0	0	0	0	0	0	0	0	0	0	0	0	0	0	0	0	0	0	0	2	0
LSUzotu148	1	0	0	0	43	35	3	0	0	0	0	0	0	0	1	20	1	11	1	14	49	8	50	14	121	0	0	0	0	0	0	0	0	0	0	0	0	0	0	0	0	0	0	0	0	0	0	0	0	0	0	0	0	0	0	1	0
LSUzotu43	2	0	0	0	29	17	1	99	178	0	15	18	125	0	130	0	92	0	85	20	27	45	26	0	101	0	0	3	0	0	1	0	0	7	181	0	79	87	85	3	9	100	2	24	0	0	0	8	0	1	0	0	0	1	0	5	0
LSUzotu35	1	0	0	0	78	116	1	1	0	0	0	0	1	0	0	82	1	13	2	29	101	28	158	31	335	0	0	0	0	0	0	0	0	0	0	0	0	1	0	0	0	0	0	0	0	0	0	0	0	0	0	0	0	0	0	0	0
LSUzotu9	2	0	0	0	170	192	2	4	0	0	1	1	14	0	5	187	34	14	7	105	223	58	345	76	1081	0	0	2	0	0	0	0	0	0	2	1	0	5	17	0	0	8	0	0	0	0	0	0	0	0	1	0	0	0	0	6	0
LSUzotu72	1	0	0	0	27	13	3	52	54	0	8	7	72	1	98	0	51	0	40	17	14	11	8	1	59	0	0	1	0	0	1	0	0	8	147	0	56	25	61	0	10	64	2	11	0	0	1	3	0	0	0	0	0	0	2	3	0
LSUzotu97	0	5	0	0	0	0	4	4	0	217	11	6	36	0	8	0	0	0	0	0	0	0	0	0	0	0	0	1	41	0	0	175	6	0	12	0	16	23	60	0	3	18	0	6	0	0	0	5	0	0	0	0	0	0	0	3	0
LSUzotu5	0	45	4	0	1	1	3221	161	7	2030	540	885	861	3875	413	0	0	0	0	0	0	0	0	0	0	1	10	113	376	52	573	5452	1957	19	297	0	280	323	1842	62	407	743	23	19	19	98	1914	32	385	0	0	1	0	0	0	1	3
LSUzotu30	0	21	0	0	0	0	1	2	1	476	10	2	22	1	2	0	0	0	0	0	0	0	0	0	0	0	0	2	48	10	0	188	1	0	12	0	37	19	59	0	1	23	0	5	0	0	0	9	6	0	0	0	0	0	0	0	0
LSUzotu29	0	13	0	492	15	13	0	0	4	206	6	0	12	0	0	0	32	0	31	19	32	35	43	0	84	0	0	0	18	1	0	42	0	0	4	1	14	19	28	0	0	6	0	6	0	0	0	1	0	0	5	0	0	0	0	29	0
LSUzotu42	0	4	0	0	0	0	0	2	0	177	4	1	18	0	2	0	0	0	0	0	0	0	0	0	0	0	0	0	28	6	0	68	2	0	0	0	10	7	26	0	5	6	0	1	0	0	0	5	2	0	0	0	0	0	1	0	0
LSUzotu131	0	1	0	13	0	0	0	0	0	38	0	0	0	0	1	0	0	0	1	1	0	2	0	0	1	0	0	0	1	1	0	4	0	0	0	0	0	0	6	0	0	1	0	0	0	0	0	0	0	0	0	0	0	0	0	0	0
LSUzotu62	0	5	0	0	0	0	0	0	3	148	3	0	12	0	4	0	0	0	0	0	0	0	0	0	0	0	0	2	25	1	0	63	2	0	7	0	10	17	26	0	3	15	0	1	0	0	0	2	0	0	0	0	0	0	0	0	0
LSUzotu114	0	2	0	0	0	0	0	0	0	199	1	0	14	0	3	0	0	0	0	0	0	0	0	0	0	0	0	0	14	0	0	64	2	2	0	0	14	23	24	0	1	5	0	0	0	0	0	5	0	0	0	0	0	0	0	0	0
LSUzotu39	0	3	0	0	0	0	0	3	0	199	8	1	16	0	1	0	0	0	0	0	0	0	0	0	0	0	0	0	13	0	0	169	9	0	8	0	10	12	48	0	5	4	1	6	0	0	0	5	4	0	0	0	0	0	0	0	0
LSUzotu51	0	2	0	0	0	0	0	1	0	137	6	4	13	3	0	0	0	0	0	0	0	0	0	0	0	0	0	0	11	1	0	113	4	0	4	1	14	6	22	0	0	8	0	2	0	0	0	0	1	0	0	0	0	0	0	0	0
LSUzotu45	0	0	1	0	131	160	2	0	0	0	0	0	0	0	0	116	7	15	9	39	146	47	254	49	402	0	0	0	0	0	0	0	0	0	0	0	0	0	0	0	0	0	0	0	0	0	0	0	0	0	0	0	0	0	0	4	0
LSUzotu6	0	0	2	0	0	0	0	0	1	0	0	0	3	0	0	28	0	0	0	0	0	0	0	1	0	3	0	23	0	0	0	0	0	0	0	0	0	0	0	0	0	0	0	0	0	0	0	0	0	0	0	0	0	1	1	15551	0
LSUzotu50	0	0	0	189	14	1	0	0	0	0	0	0	0	0	0	0	17	0	12	14	35	28	24	4	50	0	0	1	0	0	0	0	0	0	0	0	0	0	0	0	0	0	0	0	0	0	0	0	0	0	1	0	0	0	0	17	0
LSUzotu124	0	0	0	61	4	3	0	0	0	0	0	0	0	0	0	0	4	0	2	3	6	12	16	0	11	0	0	0	0	0	0	0	0	0	0	0	0	0	0	0	2	0	0	0	0	0	0	0	0	0	0	0	0	0	0	9	0
LSUzotu130	0	0	0	179	22	3	0	0	0	0	0	0	0	0	0	0	20	0	9	8	27	20	21	0	35	0	0	3	0	0	0	3	0	0	0	0	0	0	0	0	0	0	0	0	0	0	0	0	0	0	2	0	0	2	0	22	0
LSUzotu61	0	0	0	154	20	3	0	0	0	0	0	0	0	0	0	0	9	0	12	8	41	23	27	0	32	0	0	0	0	0	0	0	0	0	0	0	0	0	4	0	0	0	0	0	0	0	0	0	0	0	0	0	0	0	0	18	0
LSUzotu168	0	0	0	1	0	0	0	0	0	0	0	0	0	0	0	0	1	0	0	0	6	0	1	0	4	0	0	0	0	0	0	0	0	0	0	0	0	0	0	0	0	0	0	0	0	0	0	0	0	0	0	0	0	0	0	0	0
LSUzotu19	0	0	0	2	99	20	3	192	491	0	48	24	452	1	354	0	355	0	278	50	79	71	62	12	292	0	0	2	0	0	0	0	0	22	530	0	218	240	300	10	42	379	7	95	2	3	0	25	0	11	0	0	0	0	1	10	0
LSUzotu23	0	0	0	0	172	30	6	312	673	0	39	35	255	6	247	0	202	0	240	23	95	137	67	1	146	0	0	0	0	0	0	0	0	48	253	1	149	140	163	22	19	140	6	50	0	1	0	6	0	3	2	0	0	1	0	12	0
LSUzotu117	0	0	0	0	22	4	0	24	37	0	4	6	50	0	90	0	7	0	2	6	16	19	7	0	27	0	0	0	0	0	0	0	0	5	47	0	23	17	13	2	3	42	5	3	0	2	0	0	0	1	0	0	0	0	0	0	0
LSUzotu32	0	0	0	0	37	22	0	0	0	0	0	0	0	0	0	25	0	4	1	14	17	9	35	8	185	0	0	0	0	0	0	0	0	0	0	0	0	0	0	0	0	0	0	0	0	0	0	0	0	0	0	0	1	0	0	0	0
LSUzotu20	0	0	0	0	30	7	1	53	65	0	13	13	168	3	187	0	25	0	28	17	21	18	10	5	129	0	0	2	0	0	0	0	0	6	156	0	46	74	103	5	24	166	4	26	0	0	1	5	0	5	0	0	0	0	0	7	0
LSUzotu90	0	0	0	0	34	21	0	45	42	0	12	6	67	1	85	0	26	0	31	8	15	19	13	4	44	0	0	0	0	0	0	0	0	2	59	0	15	13	30	2	17	65	3	7	0	1	1	1	0	0	0	0	0	0	0	3	0
LSUzotu36	0	0	0	0	63	19	2	139	150	0	41	20	267	2	269	0	114	0	80	25	39	43	58	4	177	0	0	1	0	0	3	0	0	16	308	0	67	92	126	4	21	205	1	32	0	0	1	9	0	5	0	0	0	0	0	2	0
LSUzotu41	0	0	0	0	41	17	0	103	345	0	26	8	134	0	105	0	116	0	141	9	23	53	20	0	59	0	0	0	0	0	0	0	0	27	110	0	68	49	64	4	5	69	4	38	0	0	0	10	0	1	0	0	0	0	0	8	0
LSUzotu73	0	0	0	0	40	12	2	63	71	0	15	12	122	0	170	0	25	0	34	11	16	29	21	3	86	0	0	0	0	0	0	0	0	19	156	0	55	35	70	4	15	125	7	21	0	3	1	6	0	0	0	0	0	0	2	2	0
LSUzotu26	0	0	0	0	86	22	2	165	184	0	48	25	287	0	255	0	125	0	137	34	58	65	42	6	189	0	0	3	0	0	0	0	0	11	291	1	117	117	144	17	35	198	4	40	0	9	0	9	0	5	0	0	1	2	0	4	0
LSUzotu25	0	0	0	0	97	15	4	179	213	0	43	19	305	3	413	0	169	0	97	27	60	73	39	5	280	0	0	0	0	0	5	0	0	23	491	0	160	160	201	11	48	348	5	37	0	3	0	4	0	5	0	0	2	0	1	2	0
LSUzotu100	0	0	0	0	12	2	1	26	30	0	5	4	57	0	52	0	42	0	26	4	14	10	2	0	41	0	0	0	0	0	0	0	0	4	68	0	17	14	27	0	8	46	0	4	0	0	0	3	0	0	0	0	0	0	0	2	0
LSUzotu67	0	0	0	0	51	34	2	0	0	0	0	0	0	0	0	32	5	7	3	10	34	16	64	24	123	0	0	0	0	0	0	0	0	0	0	0	0	0	0	0	0	0	0	0	0	0	0	0	0	0	0	0	0	0	0	1	0
LSUzotu24	0	0	0	0	18	11	163	0	0	0	0	4	17	58	25	34	0	1	1	12	24	4	23	16	316	0	0	0	1	0	0	1	0	0	8	0	0	9	16	0	1	28	0	0	0	0	0	0	0	0	0	0	0	0	0	0	0
LSUzotu49	0	0	0	0	2	3	0	0	0	0	0	0	0	0	0	4	0	0	0	5	3	0	8	1	27	0	0	0	0	0	0	0	0	0	0	0	0	0	0	0	0	0	0	0	0	0	0	0	0	0	0	0	0	0	0	0	0
LSUzotu146	0	0	0	0	3	2	0	22	47	0	2	2	31	0	25	0	15	0	37	2	3	10	3	1	15	0	0	0	0	0	0	0	0	1	35	0	17	16	19	3	4	16	0	8	0	0	0	1	0	0	0	0	0	0	0	1	0
LSUzotu22	0	0	0	0	71	100	5	0	0	0	0	0	0	0	0	96	2	23	3	63	125	21	186	66	576	0	0	0	0	0	0	1	0	0	0	0	0	1	0	0	0	0	0	0	0	0	0	0	0	0	0	0	0	0	0	5	0
LSUzotu40	0	0	0	0	16	26	0	0	0	0	0	0	0	0	0	11	0	0	0	3	13	6	26	1	20	0	0	0	1	0	0	0	0	0	0	0	0	0	0	0	0	0	0	0	0	0	0	0	0	0	0	0	0	0	0	0	0
LSUzotu153	0	0	0	0	5	2	0	0	0	0	0	0	0	0	0	0	6	0	3	2	9	9	19	4	47	0	0	0	0	0	0	0	0	0	0	0	0	0	0	0	0	0	0	0	0	0	0	0	0	0	0	0	0	0	0	4	0
LSUzotu213	0	0	0	0	1	0	0	3	5	0	0	0	16	0	31	0	0	0	2	0	2	2	5	0	16	0	0	1	0	0	0	0	0	0	15	0	5	9	6	0	0	33	0	0	0	0	0	2	0	0	0	0	0	0	0	0	0
LSUzotu69	0	0	0	0	9	5	9	0	0	0	0	0	2	5	0	12	0	0	1	8	16	1	17	4	204	0	0	0	0	0	0	0	0	0	0	0	0	1	3	0	0	3	0	0	0	0	0	0	0	0	0	0	0	0	0	0	0
LSUzotu187	0	0	0	0	1	0	1	0	0	0	0	0	0	0	0	0	0	0	0	0	2	1	2	2	32	0	0	0	0	0	0	0	0	0	0	0	0	0	0	0	0	0	0	0	0	0	0	0	0	0	0	0	0	0	0	0	0
LSUzotu204	0	0	0	0	1	1	0	0	0	0	0	0	0	0	0	0	1	0	1	2	3	3	9	2	33	0	0	0	0	0	0	0	0	0	0	0	0	0	0	0	0	0	0	0	0	0	0	0	0	0	0	0	0	0	0	0	0
LSUzotu177	0	0	0	0	5	2	0	20	112	0	1	1	25	0	17	0	52	0	71	0	6	19	3	0	16	0	0	0	0	0	1	0	0	4	17	0	24	16	14	0	0	20	0	15	0	0	0	3	0	3	0	0	0	0	0	1	0
LSUzotu75	0	0	0	0	0	1	0	0	0	0	0	0	2	0	2	0	1	0	2	0	0	0	0	0	0	0	0	37	0	0	0	1	2	1	0	3	1	0	23	1	2	0	0	0	0	0	0	2	0	0	0	1	0	0	1	0	0
LSUzotu76	0	0	0	0	0	2	0	5	22	0	5	0	0	0	4	0	18	0	10	0	1	2	0	0	10	0	0	1	0	0	0	0	0	0	2	0	9	4	1	0	0	1	0	4	0	0	0	5	0	0	0	0	0	0	0	0	0
LSUzotu28	0	0	0	0	0	4	0	0	0	0	0	0	0	0	2	10	0	0	0	9	8	0	6	6	66	0	0	0	0	0	0	0	0	0	0	0	0	0	1	0	0	0	0	0	0	0	0	0	0	0	0	0	0	0	0	0	0
LSUzotu11	0	0	0	0	0	0	535	11	0	0	38	102	132	754	59	0	0	0	0	0	0	0	0	0	0	0	0	1	2	3	0	1	0	0	54	0	21	56	232	0	53	145	0	0	1	0	10	0	0	0	0	0	0	0	0	0	0
LSUzotu185	0	0	0	0	0	0	11	0	0	0	0	0	0	12	0	0	0	0	0	0	0	0	0	0	0	0	0	0	0	0	0	0	0	0	0	1	0	0	1	0	0	0	0	0	0	0	0	0	0	0	0	0	0	0	0	0	0
LSUzotu60	0	0	0	0	0	0	70	0	0	0	0	0	15	29	3	0	0	0	1	0	0	0	0	0	0	0	0	0	0	0	0	0	0	0	2	0	0	4	12	0	0	13	0	0	0	0	0	0	0	0	0	0	0	0	0	0	0
LSUzotu44	0	0	0	0	0	0	226	3	0	0	16	17	36	165	11	0	0	0	0	0	0	0	0	0	0	0	0	0	0	0	0	0	0	0	17	0	0	13	47	1	13	36	0	0	0	0	4	0	0	0	0	0	0	0	0	1	0
LSUzotu71	0	0	0	0	0	0	796	3	0	0	3	21	20	101	14	0	0	0	0	0	0	0	0	0	0	0	0	0	2	0	0	0	0	0	5	0	0	4	18	0	37	16	0	0	0	0	0	0	0	0	0	0	0	0	0	0	0
LSUzotu33	0	0	0	0	0	0	547	1	0	0	19	33	63	267	46	0	0	0	0	0	0	0	0	0	7	0	0	0	1	0	0	0	0	0	29	0	8	26	93	0	18	90	0	0	0	0	0	1	0	0	0	0	0	0	0	0	0
LSUzotu38	0	0	0	0	0	0	486	4	0	0	10	54	73	261	68	0	0	0	0	0	0	0	0	0	0	0	0	1	0	0	0	0	0	0	33	0	6	31	106	2	8	59	0	0	0	0	0	0	0	0	0	0	0	0	0	0	0
LSUzotu65	0	0	0	0	0	0	192	1	0	0	3	13	27	99	11	0	0	0	0	0	0	0	0	0	0	0	0	0	1	0	0	0	0	0	6	0	0	7	27	0	5	29	0	0	0	0	0	0	0	0	0	0	0	0	0	0	0
LSUzotu98	0	0	0	0	0	0	167	1	0	0	4	4	11	71	8	0	0	0	0	0	0	0	0	0	0	0	0	0	1	0	0	0	0	0	7	0	0	5	23	0	8	19	0	0	0	0	0	1	0	0	0	0	0	0	0	0	0
LSUzotu31	0	0	0	0	0	0	213	1	0	0	7	9	21	109	35	0	0	0	0	0	0	0	0	0	0	0	0	0	0	0	0	0	0	0	13	0	2	9	33	0	2	39	0	0	0	0	0	0	0	0	2	0	0	0	0	0	0
LSUzotu21	0	0	0	0	0	0	110	0	0	0	0	0	0	0	0	0	0	0	0	0	0	0	0	0	0	0	0	0	0	0	0	0	0	0	0	0	0	0	7	0	165	0	11	103	0	0	0	0	0	0	0	0	0	0	0	0	0
LSUzotu53	0	0	0	0	0	0	43	0	0	0	0	2	2	12	3	0	0	0	0	0	0	0	0	0	0	0	0	0	0	0	0	0	0	0	0	0	0	2	7	0	0	4	0	0	0	0	0	0	0	0	0	0	0	0	0	0	0
LSUzotu119	0	0	0	0	0	0	122	0	0	0	1	4	9	64	10	0	0	0	0	0	0	0	0	0	0	0	0	0	0	0	0	0	0	0	7	0	0	8	29	0	2	9	1	0	0	0	0	0	0	0	0	0	0	0	0	0	0
LSUzotu46	0	0	0	0	0	0	110	0	0	0	4	8	23	46	7	0	0	0	0	0	0	0	0	0	3	0	0	0	0	0	0	0	0	0	7	0	4	4	35	0	7	13	0	0	0	0	0	0	0	0	0	0	0	0	0	3	0
LSUzotu159	0	0	0	0	0	0	148	0	0	0	10	12	40	111	20	0	0	0	0	0	0	0	0	0	0	0	0	0	0	0	0	0	0	0	13	0	1	10	36	0	4	35	0	0	0	0	2	0	0	0	0	0	3	0	0	0	0
LSUzotu52	0	0	0	0	0	0	140	5	0	0	8	21	39	243	22	0	0	0	0	0	0	0	0	0	0	0	0	0	0	1	0	0	0	0	16	0	0	7	44	0	2	32	0	0	0	0	1	0	0	0	0	0	0	0	0	1	0
LSUzotu47	0	0	0	0	0	0	156	0	0	0	3	1	9	37	7	0	0	0	0	0	0	0	0	0	0	0	0	0	0	0	0	0	0	0	1	0	0	4	13	0	2	27	0	0	0	0	0	0	0	0	0	0	0	0	0	0	0
LSUzotu63	0	0	0	0	0	0	41	2	0	0	5	6	11	30	2	0	0	0	0	0	0	0	0	0	0	0	0	0	0	0	0	0	0	0	10	0	4	9	31	0	3	7	0	0	0	0	0	0	0	0	0	0	0	0	0	0	0
LSUzotu88	0	0	0	0	0	0	51	0	0	0	0	2	0	10	1	0	0	0	0	0	0	0	0	0	0	0	0	0	0	0	0	0	0	0	2	0	0	1	4	0	0	6	0	0	0	0	0	0	0	0	0	0	0	0	0	0	0
LSUzotu196	0	0	0	0	0	0	71	0	0	0	0	1	6	7	0	0	0	0	0	0	0	0	0	0	0	0	0	0	0	0	0	0	0	0	1	0	0	0	1	0	3	0	0	0	0	0	0	0	0	0	0	0	0	0	0	0	0
LSUzotu34	0	0	0	0	0	0	39	0	0	0	3	4	10	22	7	0	0	0	0	0	0	0	0	0	0	0	0	0	0	0	0	0	0	0	1	0	0	1	5	0	0	12	0	0	0	0	0	0	0	0	0	0	0	0	0	0	0
LSUzotu74	0	0	0	0	0	0	46	0	0	0	1	0	5	16	1	0	0	0	0	0	0	0	0	0	0	0	0	0	0	0	0	0	0	0	2	0	0	4	10	0	1	4	0	0	0	0	0	0	0	0	0	0	0	0	0	0	0
LSUzotu108	0	0	0	0	0	0	52	1	0	0	3	7	21	91	15	0	0	0	0	0	0	0	0	0	0	0	0	0	0	0	0	0	0	0	3	0	0	3	10	0	0	19	0	0	0	0	0	0	0	0	0	0	0	0	0	0	0
LSUzotu27	0	0	0	0	0	0	34	0	0	0	1	5	2	30	0	0	0	0	0	0	0	0	0	0	0	0	0	0	0	0	0	0	0	0	3	0	0	2	7	0	1	4	0	0	0	0	0	0	0	0	0	0	0	0	0	0	0
LSUzotu207	0	0	0	0	0	0	66	0	0	0	0	0	0	1	1	0	0	0	0	0	0	0	0	0	0	0	0	0	0	0	0	0	0	0	0	0	0	0	0	0	2	0	0	0	0	0	0	0	0	0	0	0	0	0	0	0	0
LSUzotu70	0	0	0	0	0	0	1	0	0	0	0	0	0	0	0	0	0	0	0	0	0	0	0	0	0	0	0	0	0	0	1	0	0	0	0	1	39	0	8	0	2	0	0	1	0	0	0	29	0	0	0	0	0	0	0	1	0
LSUzotu57	0	0	0	0	0	0	96	0	0	0	1	3	2	25	2	0	0	0	0	0	0	0	0	0	0	0	0	0	0	0	0	0	0	0	0	0	0	3	11	0	1	1	0	0	0	0	0	0	0	0	0	0	0	0	0	0	0
LSUzotu201	0	0	0	0	0	0	31	0	0	0	0	0	2	4	1	0	0	0	0	0	0	0	0	0	0	0	0	0	0	0	0	0	0	0	0	0	0	0	3	0	0	0	0	0	0	0	0	0	0	0	0	0	0	0	0	0	0
LSUzotu86	0	0	0	0	0	0	54	0	0	0	1	7	5	18	3	0	0	0	0	0	0	0	0	0	0	0	0	0	0	0	0	0	0	0	4	0	3	1	12	0	1	20	0	0	0	0	0	0	0	0	0	0	0	0	0	0	0
LSUzotu188	0	0	0	0	0	0	16	0	0	0	2	0	1	20	0	0	0	0	0	0	0	0	0	0	0	0	0	0	0	0	0	0	0	0	1	0	1	1	7	0	0	7	0	0	0	0	0	0	0	0	0	0	0	0	0	0	0
LSUzotu155	0	0	0	0	0	0	2	1	0	27	2	0	2	0	0	0	0	0	0	0	0	0	0	0	0	0	0	0	2	0	0	35	0	0	2	0	1	5	5	0	0	1	0	0	0	0	0	1	0	0	0	0	0	0	0	0	0
LSUzotu107	0	0	0	0	0	0	18	0	0	0	0	0	0	0	0	0	0	0	0	0	0	0	0	0	0	0	0	0	0	0	0	0	0	0	0	0	0	0	0	0	4	0	0	39	0	0	0	0	0	0	0	0	0	0	0	0	0
LSUzotu163	0	0	0	0	0	0	2	0	0	0	0	0	0	0	0	0	0	0	0	0	0	0	0	0	0	0	0	0	0	0	0	0	0	0	0	0	0	2	0	0	0	0	0	0	0	0	0	0	0	0	0	0	0	0	0	0	0
LSUzotu18	0	0	0	0	0	0	1	0	0	0	0	0	0	0	0	0	0	0	0	0	0	0	0	0	0	0	0	7	22	0	0	0	0	0	0	0	0	0	0	0	0	0	0	0	0	0	0	0	0	0	0	0	0	0	0	0	0
LSUzotu210	0	0	0	0	0	0	2	0	0	0	0	0	0	1	0	0	0	0	0	0	0	0	0	0	0	0	0	0	0	0	0	0	0	0	0	0	0	0	1	0	0	0	0	0	0	0	0	0	0	0	0	0	0	0	0	0	0
LSUzotu154	0	0	0	0	0	0	0	1	4	0	0	0	0	0	0	0	2	0	1	0	0	2	0	0	0	0	0	0	0	0	0	0	0	0	1	0	4	1	1	0	0	0	0	0	0	0	0	0	0	0	0	0	0	0	0	0	0
LSUzotu184	0	0	0	0	0	0	0	4	0	87	0	1	7	0	4	0	0	0	0	0	0	0	0	0	0	0	0	0	20	0	0	36	2	0	2	0	3	8	27	0	2	2	0	0	0	0	0	0	5	0	0	0	0	0	0	0	0
LSUzotu165	0	0	0	0	0	0	0	1	0	0	0	0	0	0	0	0	0	0	0	0	1	0	1	0	0	0	0	9	0	0	1	0	0	0	0	0	0	0	10	0	0	0	0	0	0	0	0	0	0	0	0	0	0	0	1	0	1
LSUzotu56	0	0	0	0	0	0	0	0	0	114	0	0	0	0	1	0	0	0	0	0	0	0	0	0	0	0	0	0	10	2	0	15	0	0	4	0	1	2	12	0	0	1	0	0	0	0	0	1	0	0	0	0	0	0	0	0	0
LSUzotu142	0	0	0	0	0	0	0	0	0	36	0	0	4	0	2	0	0	0	0	0	0	0	0	0	0	0	0	0	4	0	0	52	3	0	3	0	7	2	8	0	1	4	0	1	0	0	1	0	1	0	0	0	0	0	0	0	0
LSUzotu149	0	0	0	0	0	0	0	0	0	32	0	0	2	2	1	0	0	0	0	0	0	0	0	0	0	0	0	0	7	2	0	15	0	0	1	0	7	6	7	0	0	1	0	0	0	0	0	0	1	0	0	0	0	0	0	0	0
LSUzotu139	0	0	0	0	0	0	0	0	0	28	1	0	2	0	0	0	0	0	0	0	0	0	0	0	0	0	0	0	3	0	0	8	2	0	4	0	0	4	6	0	0	0	0	0	0	0	0	0	0	0	0	0	0	0	0	0	0
LSUzotu116	0	0	0	0	0	0	0	0	0	49	0	0	0	0	0	0	0	0	0	0	0	0	0	0	0	0	0	0	4	0	0	40	0	0	1	0	4	1	10	0	2	0	0	0	0	0	0	0	3	0	0	0	0	0	0	0	0
LSUzotu101	0	0	0	0	0	0	0	0	0	21	0	0	2	0	0	0	0	0	0	0	0	0	0	0	0	0	0	0	0	0	0	3	0	0	0	0	3	0	4	0	0	0	0	0	0	0	0	0	0	0	0	0	0	0	0	0	0
LSUzotu140	0	0	0	0	0	0	0	0	0	6	0	0	0	0	0	0	0	0	0	0	0	0	0	0	0	0	0	0	0	1	0	3	0	0	0	0	0	0	0	0	0	0	0	0	0	0	0	0	0	0	0	0	0	0	0	0	0
LSUzotu212	0	0	0	0	0	0	0	0	0	2	0	0	3	0	0	0	0	0	0	0	0	0	0	0	0	0	0	0	0	0	0	4	0	0	0	0	0	0	1	0	0	0	0	0	0	0	0	0	0	0	0	0	0	0	0	0	0
LSUzotu164	0	0	0	0	0	0	0	0	0	0	0	6	0	0	14	0	0	0	0	0	0	2	0	0	0	0	0	0	0	0	0	0	9	0	0	0	0	0	0	0	0	0	0	0	0	0	0	0	0	0	0	0	0	0	0	0	0
LSUzotu193	0	0	0	0	0	0	0	0	0	0	0	0	0	0	1	0	0	0	0	0	0	0	0	0	0	0	0	0	0	0	0	0	0	0	0	0	0	0	0	0	0	0	0	0	0	0	0	0	0	0	0	0	0	0	0	0	0
LSUzotu3	0	0	0	0	0	0	0	0	0	0	0	0	0	0	0	102	0	96	29	0	0	0	0	0	0	0	0	0	0	0	26272	5057	0	0	1	1	0	0	8	0	0	0	0	0	0	0	0	1	0	0	2	0	0	0	0	0	0
LSUzotu54	0	0	0	0	0	0	0	0	0	0	0	0	0	0	0	1	0	0	0	0	0	0	0	0	0	0	0	0	0	0	0	0	0	0	0	0	0	0	0	0	0	0	0	0	0	0	0	0	0	0	0	0	0	0	0	163	0
LSUzotu66	0	0	0	0	0	0	0	0	0	0	0	0	0	0	0	1	0	0	0	0	0	0	0	0	0	0	0	0	0	0	0	0	0	0	0	0	0	0	0	0	0	0	0	0	0	0	0	0	0	0	0	0	0	0	0	412	0
LSUzotu178	0	0	0	0	0	0	0	0	0	0	0	0	0	0	0	1	0	0	5	0	0	0	0	0	0	0	0	0	0	0	14	187	0	0	0	0	0	0	0	0	0	0	0	0	0	0	0	0	0	0	0	0	0	0	0	0	0
LSUzotu14	0	0	0	0	0	0	0	0	0	0	0	0	0	0	0	1	0	0	0	0	0	0	0	0	0	0	0	287	594	0	0	0	0	0	0	0	0	0	0	0	0	0	0	0	0	0	0	0	0	0	0	0	0	0	0	0	0
LSUzotu113	0	0	0	0	0	0	0	0	0	0	0	0	0	0	0	0	0	3	3	0	0	0	0	0	0	0	0	0	0	0	0	268	0	0	0	0	0	0	0	0	0	0	0	0	0	0	0	0	0	0	0	0	0	0	0	0	0
LSUzotu84	0	0	0	0	0	0	0	0	0	0	0	0	0	0	0	0	0	0	2	0	0	0	0	0	0	0	0	0	0	0	0	106	0	0	0	0	0	0	0	0	0	0	0	0	0	0	0	0	0	0	0	0	0	0	0	0	0
LSUzotu91	0	0	0	0	0	0	0	0	0	0	0	0	0	0	0	0	0	0	9	0	0	0	0	0	0	0	0	0	0	0	2	297	0	0	0	0	0	0	0	0	0	0	0	0	0	0	0	0	0	0	0	0	0	0	0	0	0
LSUzotu133	0	0	0	0	0	0	0	0	0	0	0	0	0	0	0	0	0	0	3	0	0	0	0	0	0	0	0	0	0	0	0	47	0	0	0	0	0	0	0	0	0	0	0	0	0	0	0	0	0	0	0	0	0	0	0	0	0
LSUzotu121	0	0	0	0	0	0	0	0	0	0	0	0	0	0	0	0	0	0	4	0	0	0	0	0	0	0	0	0	0	0	0	44	0	0	0	0	0	0	0	0	0	0	0	0	0	0	0	0	0	0	0	0	0	0	0	0	0
LSUzotu120	0	0	0	0	0	0	0	0	0	0	0	0	0	0	0	0	0	0	6	0	0	0	0	0	0	0	0	0	0	0	0	171	0	0	0	0	0	0	0	0	0	0	0	0	0	0	0	0	0	0	0	0	0	0	0	0	0
LSUzotu169	0	0	0	0	0	0	0	0	0	0	0	0	0	0	0	0	0	0	5	0	0	0	0	0	0	0	0	0	0	0	0	60	0	0	0	0	0	0	0	0	0	0	0	0	0	0	0	0	0	0	0	0	0	0	0	0	0
LSUzotu55	0	0	0	0	0	0	0	0	0	0	0	0	0	0	0	0	0	0	6	0	0	2	0	0	0	0	0	0	0	0	0	466	0	0	0	0	0	0	0	0	0	0	0	0	0	0	0	0	0	0	0	0	0	0	0	0	0
LSUzotu192	0	0	0	0	0	0	0	0	0	0	0	0	0	0	0	0	0	0	1	0	0	0	0	0	0	0	0	0	0	0	0	31	0	0	0	0	0	0	0	0	0	0	0	0	0	0	0	0	0	0	0	0	0	0	0	0	0
LSUzotu136	0	0	0	0	0	0	0	0	0	0	0	0	0	0	0	0	0	0	1	0	0	0	0	0	0	0	0	0	0	0	0	48	0	0	0	0	0	0	0	0	0	0	0	0	0	0	0	0	0	0	0	0	0	0	0	0	0
LSUzotu202	0	0	0	0	0	0	0	0	0	0	0	0	0	0	0	0	0	0	0	1	0	0	0	1	31	0	0	0	0	0	0	0	0	0	0	0	0	0	0	0	0	0	0	0	0	0	0	0	0	0	0	0	0	0	0	0	0
LSUzotu147	0	0	0	0	0	0	0	0	0	0	0	0	0	0	0	0	0	0	0	1	0	0	0	0	0	0	0	79	318	0	0	0	0	0	0	0	0	0	0	0	0	0	0	0	0	0	0	0	0	0	0	0	0	0	0	0	0
LSUzotu13	0	0	0	0	0	0	0	0	0	0	0	0	0	0	0	0	0	0	0	0	3	0	0	0	0	0	0	421	1136	0	0	0	0	0	0	0	0	0	0	0	0	0	0	0	0	0	0	0	0	0	0	0	0	0	0	0	0
LSUzotu8	0	0	0	0	0	0	0	0	0	0	0	0	0	0	0	0	0	0	0	0	0	1	0	0	0	0	0	1520	6660	0	1	0	0	0	0	0	0	0	0	0	0	0	0	0	0	0	0	1	0	0	0	0	0	0	0	0	0
LSUzotu175	0	0	0	0	0	0	0	0	0	0	0	0	0	0	0	0	0	0	0	0	0	0	1	0	6	0	0	0	0	0	0	0	0	0	0	0	0	0	0	0	0	0	0	0	0	0	0	0	0	0	0	0	0	0	0	1	0
LSUzotu17	0	0	0	0	0	0	0	0	0	0	0	0	0	0	0	0	0	0	0	0	0	0	0	0	0	0	0	162	794	0	0	0	0	0	0	0	0	0	0	0	0	0	0	11	0	0	0	0	0	0	0	0	0	0	0	0	0
LSUzotu96	0	0	0	0	0	0	0	0	0	0	0	0	0	0	0	0	0	0	0	0	0	0	0	0	0	0	0	48	44	0	0	0	0	0	0	0	0	0	0	0	0	0	0	0	0	0	0	0	0	0	0	0	0	0	0	0	0
LSUzotu80	0	0	0	0	0	0	0	0	0	0	0	0	0	0	0	0	0	0	0	0	0	0	0	0	0	0	0	115	118	0	0	0	0	0	0	0	0	0	0	0	0	0	0	0	0	0	0	0	0	0	0	0	0	0	0	0	0
LSUzotu79	0	0	0	0	0	0	0	0	0	0	0	0	0	0	0	0	0	0	0	0	0	0	0	0	0	0	0	43	32	0	0	0	0	0	0	0	0	0	0	0	0	0	0	0	0	0	0	0	0	0	0	0	0	0	0	0	0
LSUzotu59	0	0	0	0	0	0	0	0	0	0	0	0	0	0	0	0	0	0	0	0	0	0	0	0	0	0	0	125	101	0	0	0	0	0	0	0	0	0	0	0	0	0	0	0	0	0	0	0	0	0	0	0	0	0	0	0	0
LSUzotu105	0	0	0	0	0	0	0	0	0	0	0	0	0	0	0	0	0	0	0	0	0	0	0	0	0	0	0	54	102	0	0	0	0	0	0	0	0	0	0	0	0	0	0	0	0	0	0	0	0	0	0	0	0	0	0	0	0
LSUzotu64	0	0	0	0	0	0	0	0	0	0	0	0	0	0	0	0	0	0	0	0	0	0	0	0	0	0	0	227	369	0	0	0	0	0	0	0	0	0	0	0	0	0	0	0	0	0	0	0	0	0	0	0	0	0	0	0	0
LSUzotu77	0	0	0	0	0	0	0	0	0	0	0	0	0	0	0	0	0	0	0	0	0	0	0	0	0	0	0	74	132	0	0	0	0	0	0	0	0	0	0	0	0	0	0	0	0	0	0	0	0	0	0	0	0	0	0	0	0
LSUzotu58	0	0	0	0	0	0	0	0	0	0	0	0	0	0	0	0	0	0	0	0	0	0	0	0	0	0	0	81	75	0	0	0	0	0	0	0	0	0	0	0	0	0	0	0	0	0	0	0	0	0	0	0	0	0	0	0	0
LSUzotu15	0	0	0	0	0	0	0	0	0	0	0	0	0	0	0	0	0	0	0	0	0	0	0	0	0	0	0	395	979	0	0	0	0	0	0	0	0	0	0	0	0	0	0	0	0	0	0	0	0	0	0	0	0	0	0	0	0
LSUzotu68	0	0	0	0	0	0	0	0	0	0	0	0	0	0	0	0	0	0	0	0	0	0	0	0	0	0	0	93	76	0	0	0	0	0	0	0	0	0	0	0	0	0	0	0	0	0	0	0	0	0	0	0	0	0	0	0	0
LSUzotu16	0	0	0	0	0	0	0	0	0	0	0	0	0	0	0	0	0	0	0	0	0	0	0	0	0	0	0	199	389	0	0	0	0	0	0	0	0	0	0	0	0	0	0	0	0	0	0	0	0	0	0	0	0	0	0	0	0
LSUzotu81	0	0	0	0	0	0	0	0	0	0	0	0	0	0	0	0	0	0	0	0	0	0	0	0	0	0	0	162	324	0	0	0	0	0	0	0	0	0	0	0	0	0	0	0	0	0	0	0	0	0	0	0	0	0	0	0	0
LSUzotu162	0	0	0	0	0	0	0	0	0	0	0	0	0	0	0	0	0	0	0	0	0	0	0	0	0	0	0	34	179	0	0	0	0	0	0	0	0	0	0	0	0	0	0	0	0	0	0	0	0	0	0	0	0	0	0	0	0
LSUzotu125	0	0	0	0	0	0	0	0	0	0	0	0	0	0	0	0	0	0	0	0	0	0	0	0	0	0	0	6	70	0	0	0	0	0	0	0	0	0	0	0	0	0	0	0	0	0	0	0	0	0	0	0	0	0	0	0	0
LSUzotu137	0	0	0	0	0	0	0	0	0	0	0	0	0	0	0	0	0	0	0	0	0	0	0	0	0	0	0	35	50	0	0	0	0	0	0	0	0	0	0	0	0	0	0	0	0	0	0	0	0	0	0	0	0	0	0	0	0
LSUzotu173	0	0	0	0	0	0	0	0	0	0	0	0	0	0	0	0	0	0	0	0	0	0	0	0	0	0	0	22	0	0	0	0	0	0	0	0	0	0	0	0	0	0	0	0	0	0	0	1	0	0	0	0	0	0	0	0	0
LSUzotu189	0	0	0	0	0	0	0	0	0	0	0	0	0	0	0	0	0	0	0	0	0	0	0	0	0	0	0	7	16	0	0	0	0	0	0	0	0	0	0	0	0	0	0	0	0	0	0	0	0	0	0	0	0	0	0	0	0
LSUzotu82	0	0	0	0	0	0	0	0	0	0	0	0	0	0	0	0	0	0	0	0	0	0	0	0	0	0	0	17	15	0	0	0	0	0	0	0	0	0	0	0	0	0	0	0	0	0	0	0	0	0	0	0	0	0	0	0	0
LSUzotu170	0	0	0	0	0	0	0	0	0	0	0	0	0	0	0	0	0	0	0	0	0	0	0	0	0	0	0	3	42	0	0	0	0	0	0	0	0	0	0	0	0	0	0	0	0	0	0	0	0	0	0	0	0	0	0	0	0
LSUzotu99	0	0	0	0	0	0	0	0	0	0	0	0	0	0	0	0	0	0	0	0	0	0	0	0	0	0	0	18	18	0	0	0	0	0	0	0	0	0	0	0	0	0	0	0	0	0	0	0	0	0	0	0	0	0	0	0	0
LSUzotu111	0	0	0	0	0	0	0	0	0	0	0	0	0	0	0	0	0	0	0	0	0	0	0	0	0	0	0	19	24	0	0	0	0	0	0	0	0	0	0	0	0	0	0	0	0	0	0	0	0	0	0	0	0	0	0	0	0
LSUzotu205	0	0	0	0	0	0	0	0	0	0	0	0	0	0	0	0	0	0	0	0	0	0	0	0	0	0	0	6	0	0	0	0	0	0	0	0	0	0	4	0	0	0	0	0	0	0	0	0	0	0	0	0	0	0	0	0	0
LSUzotu89	0	0	0	0	0	0	0	0	0	0	0	0	0	0	0	0	0	0	0	0	0	0	0	0	0	0	0	4	32	0	0	0	0	0	0	0	0	0	0	0	0	0	0	0	0	0	0	0	0	0	0	0	0	0	0	0	0
LSUzotu95	0	0	0	0	0	0	0	0	0	0	0	0	0	0	0	0	0	0	0	0	0	0	0	0	0	0	0	9	13	0	0	0	0	0	0	0	0	0	0	0	0	0	0	0	0	0	0	0	0	0	0	0	0	0	0	0	0
LSUzotu199	0	0	0	0	0	0	0	0	0	0	0	0	0	0	0	0	0	0	0	0	0	0	0	0	0	0	0	1	5	0	0	0	0	0	0	0	0	0	0	0	0	0	0	0	0	0	0	0	0	0	0	0	0	0	0	0	0
LSUzotu144	0	0	0	0	0	0	0	0	0	0	0	0	0	0	0	0	0	0	0	0	0	0	0	0	0	0	0	8	64	0	0	0	0	0	0	0	0	0	0	0	0	0	0	0	0	0	0	0	0	0	0	0	0	0	0	0	0
LSUzotu104	0	0	0	0	0	0	0	0	0	0	0	0	0	0	0	0	0	0	0	0	0	0	0	0	0	0	0	6	2	0	0	0	0	0	0	0	0	0	0	0	0	0	0	0	0	0	0	0	0	0	0	0	0	0	0	0	0
LSUzotu138	0	0	0	0	0	0	0	0	0	0	0	0	0	0	0	0	0	0	0	0	0	0	0	0	0	0	0	2	0	0	0	0	0	0	0	0	0	0	0	0	0	0	0	0	0	0	0	0	0	0	0	0	0	0	0	136	0
LSUzotu110	0	0	0	0	0	0	0	0	0	0	0	0	0	0	0	0	0	0	0	0	0	0	0	0	0	0	0	2	3	0	0	0	0	0	0	0	0	0	0	0	0	0	0	0	0	0	0	0	0	0	0	0	0	0	0	0	0
LSUzotu78	0	0	0	0	0	0	0	0	0	0	0	0	0	0	0	0	0	0	0	0	0	0	0	0	0	0	0	2	4	0	0	0	0	0	0	0	0	0	0	0	0	0	0	0	0	0	0	0	0	0	0	0	0	0	0	0	0
LSUzotu106	0	0	0	0	0	0	0	0	0	0	0	0	0	0	0	0	0	0	0	0	0	0	0	0	0	0	0	2	48	0	0	0	0	0	0	0	0	0	0	0	0	0	0	0	0	0	0	0	0	0	0	0	0	0	0	0	0
LSUzotu174	0	0	0	0	0	0	0	0	0	0	0	0	0	0	0	0	0	0	0	0	0	0	0	0	0	0	0	1	34	0	0	0	0	0	0	0	0	0	0	0	0	0	0	0	0	0	0	0	0	0	0	0	0	0	0	0	0
LSUzotu152	0	0	0	0	0	0	0	0	0	0	0	0	0	0	0	0	0	0	0	0	0	0	0	0	0	0	0	0	19	0	0	0	0	0	0	0	0	0	0	0	0	0	0	0	0	0	0	0	0	0	0	0	0	0	0	0	0
LSUzotu94	0	0	0	0	0	0	0	0	0	0	0	0	0	0	0	0	0	0	0	0	0	0	0	0	0	0	0	0	3	0	0	0	0	0	0	0	0	0	0	0	0	0	0	0	0	0	0	0	0	0	0	0	0	0	0	0	0
LSUzotu112	0	0	0	0	0	0	0	0	0	0	0	0	0	0	0	0	0	0	0	0	0	0	0	0	0	0	0	0	0	0	30	201	0	0	0	0	0	0	0	0	0	0	0	0	0	0	0	0	0	0	0	0	0	0	0	0	0
LSUzotu48	0	0	0	0	0	0	0	0	0	0	0	0	0	0	0	0	0	0	0	0	0	0	0	0	0	0	0	0	0	0	190	499	0	0	0	1	0	0	1	0	0	0	0	0	0	0	0	0	0	0	0	0	0	0	0	0	0
LSUzotu171	0	0	0	0	0	0	0	0	0	0	0	0	0	0	0	0	0	0	0	0	0	0	0	0	0	0	0	0	0	0	12	100	0	0	0	0	0	0	0	0	0	0	0	0	0	0	0	0	0	0	0	0	0	0	0	0	0
LSUzotu132	0	0	0	0	0	0	0	0	0	0	0	0	0	0	0	0	0	0	0	0	0	0	0	0	0	0	0	0	0	0	20	34	0	0	0	0	0	0	0	0	0	0	0	0	0	0	0	0	0	0	0	0	0	0	0	0	0
LSUzotu151	0	0	0	0	0	0	0	0	0	0	0	0	0	0	0	0	0	0	0	0	0	0	0	0	0	0	0	0	0	0	9	17	0	0	0	0	0	0	0	0	0	0	0	0	0	0	0	0	0	0	0	0	0	0	0	0	0
LSUzotu85	0	0	0	0	0	0	0	0	0	0	0	0	0	0	0	0	0	0	0	0	0	0	0	0	0	0	0	0	0	0	40	42	0	0	0	0	0	0	0	0	0	0	0	0	0	0	0	0	0	0	0	0	0	0	0	0	0
LSUzotu93	0	0	0	0	0	0	0	0	0	0	0	0	0	0	0	0	0	0	0	0	0	0	0	0	0	0	0	0	0	0	83	301	0	0	0	0	0	0	0	0	0	0	0	0	0	0	0	0	0	0	0	0	0	0	0	0	0
LSUzotu123	0	0	0	0	0	0	0	0	0	0	0	0	0	0	0	0	0	0	0	0	0	0	0	0	0	0	0	0	0	0	44	294	0	0	0	0	0	0	0	0	0	0	0	0	0	0	0	0	0	0	0	0	0	0	0	0	0
LSUzotu103	0	0	0	0	0	0	0	0	0	0	0	0	0	0	0	0	0	0	0	0	0	0	0	0	0	0	0	0	0	0	16	44	0	0	0	0	0	0	0	0	0	0	0	0	0	0	0	0	0	0	0	0	0	0	0	0	0
LSUzotu150	0	0	0	0	0	0	0	0	0	0	0	0	0	0	0	0	0	0	0	0	0	0	0	0	0	0	0	0	0	0	23	98	0	0	0	0	0	0	0	0	0	0	0	0	0	0	0	0	0	0	0	0	0	0	0	0	0
LSUzotu83	0	0	0	0	0	0	0	0	0	0	0	0	0	0	0	0	0	0	0	0	0	0	0	0	0	0	0	0	0	0	46	40	0	0	0	0	0	0	0	0	0	0	0	0	0	0	0	0	0	0	0	0	0	0	0	0	0
LSUzotu194	0	0	0	0	0	0	0	0	0	0	0	0	0	0	0	0	0	0	0	0	0	0	0	0	0	0	0	0	0	0	6	10	0	0	0	0	0	0	0	0	0	0	0	0	0	0	0	0	0	0	0	0	0	0	0	0	0
LSUzotu109	0	0	0	0	0	0	0	0	0	0	0	0	0	0	0	0	0	0	0	0	0	0	0	0	0	0	0	0	0	0	66	293	0	0	0	0	0	0	0	0	0	0	0	0	0	0	0	0	0	0	0	0	0	0	0	0	0
LSUzotu134	0	0	0	0	0	0	0	0	0	0	0	0	0	0	0	0	0	0	0	0	0	0	0	0	0	0	0	0	0	0	8	28	0	0	0	0	0	0	0	0	0	0	0	0	0	0	0	0	0	0	0	0	0	0	0	0	0
LSUzotu129	0	0	0	0	0	0	0	0	0	0	0	0	0	0	0	0	0	0	0	0	0	0	0	0	0	0	0	0	0	0	18	25	0	0	0	0	0	0	0	0	0	0	0	0	0	0	0	0	0	0	0	0	0	0	0	0	0
LSUzotu179	0	0	0	0	0	0	0	0	0	0	0	0	0	0	0	0	0	0	0	0	0	0	0	0	0	0	0	0	0	0	10	70	0	0	0	0	0	0	0	0	0	0	0	0	0	0	0	0	0	0	0	0	0	0	0	0	0
LSUzotu191	0	0	0	0	0	0	0	0	0	0	0	0	0	0	0	0	0	0	0	0	0	0	0	0	0	0	0	0	0	0	1	0	0	0	0	0	6	0	0	0	0	0	0	0	0	0	0	5	0	0	0	0	0	0	0	0	0
LSUzotu102	0	0	0	0	0	0	0	0	0	0	0	0	0	0	0	0	0	0	0	0	0	0	0	0	0	0	0	0	0	0	0	56	0	0	0	0	0	0	0	0	0	0	0	0	0	0	0	0	0	0	0	0	0	0	0	0	0
LSUzotu156	0	0	0	0	0	0	0	0	0	0	0	0	0	0	0	0	0	0	0	0	0	0	0	0	0	0	0	0	0	0	0	38	0	0	0	0	0	0	0	0	0	0	0	0	0	0	0	0	0	0	0	0	0	0	0	0	0
LSUzotu172	0	0	0	0	0	0	0	0	0	0	0	0	0	0	0	0	0	0	0	0	0	0	0	0	0	0	0	0	0	0	0	27	0	0	0	0	0	0	0	0	0	0	0	0	0	0	0	0	0	0	0	0	0	0	0	0	0
LSUzotu166	0	0	0	0	0	0	0	0	0	0	0	0	0	0	0	0	0	0	0	0	0	0	0	0	0	0	0	0	0	0	0	33	0	0	0	0	0	0	0	0	0	0	0	0	0	0	0	0	0	0	0	0	0	0	0	0	0
LSUzotu145	0	0	0	0	0	0	0	0	0	0	0	0	0	0	0	0	0	0	0	0	0	0	0	0	0	0	0	0	0	0	0	30	0	0	0	0	0	0	0	0	0	0	0	0	0	0	0	0	0	0	0	0	0	0	0	0	0
LSUzotu126	0	0	0	0	0	0	0	0	0	0	0	0	0	0	0	0	0	0	0	0	0	0	0	0	0	0	0	0	0	0	0	78	0	0	0	0	0	0	0	0	0	0	0	0	0	0	0	0	0	0	0	0	0	0	0	0	0
LSUzotu143	0	0	0	0	0	0	0	0	0	0	0	0	0	0	0	0	0	0	0	0	0	0	0	0	0	0	0	0	0	0	0	9	0	0	0	0	0	0	0	0	0	0	0	0	0	0	0	0	0	0	0	0	0	0	0	0	0
LSUzotu122	0	0	0	0	0	0	0	0	0	0	0	0	0	0	0	0	0	0	0	0	0	0	0	0	0	0	0	0	0	0	0	45	0	0	0	0	0	0	0	0	0	0	0	0	0	0	0	0	0	0	0	0	0	0	0	0	0
LSUzotu180	0	0	0	0	0	0	0	0	0	0	0	0	0	0	0	0	0	0	0	0	0	0	0	0	0	0	0	0	0	0	0	1	0	0	0	0	0	0	0	0	0	0	0	0	0	0	0	0	0	0	0	0	0	0	0	0	0
LSUzotu183	0	0	0	0	0	0	0	0	0	0	0	0	0	0	0	0	0	0	0	0	0	0	0	0	0	0	0	0	0	0	0	17	0	0	0	0	0	0	0	0	0	0	0	0	0	0	0	0	0	0	0	0	0	0	0	0	0
LSUzotu160	0	0	0	0	0	0	0	0	0	0	0	0	0	0	0	0	0	0	0	0	0	0	0	0	0	0	0	0	0	0	0	29	0	0	0	0	0	0	0	0	0	0	0	0	0	0	0	0	0	0	0	0	0	0	0	0	0
LSUzotu115	0	0	0	0	0	0	0	0	0	0	0	0	0	0	0	0	0	0	0	0	0	0	0	0	0	0	0	0	0	0	0	55	0	0	0	0	0	0	0	0	0	0	0	0	0	0	0	0	0	0	0	0	0	0	0	0	0
LSUzotu197	0	0	0	0	0	0	0	0	0	0	0	0	0	0	0	0	0	0	0	0	0	0	0	0	0	0	0	0	0	0	0	25	0	0	0	0	0	0	0	0	0	0	0	0	0	0	0	0	0	0	0	0	0	0	0	0	0
LSUzotu92	0	0	0	0	0	0	0	0	0	0	0	0	0	0	0	0	0	0	0	0	0	0	0	0	0	0	0	0	0	0	0	61	0	0	0	0	0	0	0	0	0	0	0	0	0	0	0	0	0	0	0	0	0	0	0	0	0
LSUzotu176	0	0	0	0	0	0	0	0	0	0	0	0	0	0	0	0	0	0	0	0	0	0	0	0	0	0	0	0	0	0	0	2	0	0	0	0	0	0	0	0	0	0	0	0	0	0	0	0	0	0	0	0	0	0	0	0	0
LSUzotu195	0	0	0	0	0	0	0	0	0	0	0	0	0	0	0	0	0	0	0	0	0	0	0	0	0	0	0	0	0	0	0	21	0	0	0	0	0	0	0	0	0	0	0	0	0	0	0	0	0	0	0	0	0	0	0	0	0
LSUzotu208	0	0	0	0	0	0	0	0	0	0	0	0	0	0	0	0	0	0	0	0	0	0	0	0	0	0	0	0	0	0	0	2	0	0	0	0	0	0	0	0	0	0	0	0	0	0	0	0	0	0	0	0	0	0	0	0	0
LSUzotu157	0	0	0	0	0	0	0	0	0	0	0	0	0	0	0	0	0	0	0	0	0	0	0	0	0	0	0	0	0	0	0	3	0	0	0	0	1	0	0	0	0	0	0	0	0	0	0	0	0	0	0	0	0	0	0	0	0
LSUzotu181	0	0	0	0	0	0	0	0	0	0	0	0	0	0	0	0	0	0	0	0	0	0	0	0	0	0	0	0	0	0	0	2	0	0	0	0	0	0	0	0	0	0	0	0	0	0	0	0	0	0	0	0	0	0	0	0	0
LSUzotu182	0	0	0	0	0	0	0	0	0	0	0	0	0	0	0	0	0	0	0	0	0	0	0	0	0	0	0	0	0	0	0	3	0	0	0	0	0	0	0	0	0	0	0	0	0	0	0	0	0	0	0	0	0	0	0	0	0
LSUzotu211	0	0	0	0	0	0	0	0	0	0	0	0	0	0	0	0	0	0	0	0	0	0	0	0	0	0	0	0	0	0	0	3	0	0	0	0	0	0	0	0	0	0	0	0	0	0	0	0	0	0	0	0	0	0	0	0	0
LSUzotu206	0	0	0	0	0	0	0	0	0	0	0	0	0	0	0	0	0	0	0	0	0	0	0	0	0	0	0	0	0	0	0	3	0	0	0	0	0	0	0	0	0	0	0	0	0	0	0	0	0	0	0	0	0	0	0	0	0
LSUzotu167	0	0	0	0	0	0	0	0	0	0	0	0	0	0	0	0	0	0	0	0	0	0	0	0	0	0	0	0	0	0	0	1	0	0	0	0	0	0	1	0	0	0	0	0	0	0	0	0	0	0	0	0	0	0	0	0	0
LSUzotu161	0	0	0	0	0	0	0	0	0	0	0	0	0	0	0	0	0	0	0	0	0	0	0	0	0	0	0	0	0	0	0	0	0	0	0	0	0	0	3	0	0	0	0	15	0	0	0	0	0	0	0	0	0	0	0	0	0
LSUzotu186	0	0	0	0	0	0	0	0	0	0	0	0	0	0	0	0	0	0	0	0	0	0	0	0	0	0	0	0	0	0	0	0	0	0	0	0	0	0	2	0	0	0	0	13	0	0	0	0	0	0	0	0	0	0	0	0	0
LSUzotu135	0	0	0	0	0	0	0	0	0	0	0	0	0	0	0	0	0	0	0	0	0	0	0	0	0	0	0	0	0	0	0	0	0	0	0	0	0	0	15	0	0	0	0	17	0	0	0	0	0	0	0	0	0	0	0	0	0
LSUzotu141	0	0	0	0	0	0	0	0	0	0	0	0	0	0	0	0	0	0	0	0	0	0	0	0	0	0	0	0	0	0	0	0	0	0	0	0	0	0	0	0	2	0	0	31	0	0	0	0	0	0	0	0	0	0	0	0	0
LSUzotu118	0	0	0	0	0	0	0	0	0	0	0	0	0	0	0	0	0	0	0	0	0	0	0	0	0	0	0	0	0	0	0	0	0	0	0	0	0	0	0	0	0	0	0	43	0	0	0	0	0	0	0	0	0	0	0	0	0
LSUzotu87	0	0	0	0	0	0	0	0	0	0	0	0	0	0	0	0	0	0	0	0	0	0	0	0	0	0	0	0	0	0	0	0	0	0	0	0	0	0	0	0	0	0	0	0	0	0	0	0	0	0	0	0	56	0	6	0	0
LSUzotu190	0	0	0	0	0	0	0	0	0	0	0	0	0	0	0	0	0	0	0	0	0	0	0	0	0	0	0	0	0	0	0	0	0	0	0	0	0	0	0	0	0	0	0	0	0	0	0	0	0	0	0	0	0	0	0	32	0
LSUzotu158	0	0	0	0	0	0	0	0	0	0	0	0	0	0	0	0	0	0	0	0	0	0	0	0	0	0	0	0	0	0	0	0	0	0	0	0	0	0	0	0	0	0	0	0	0	0	0	0	0	0	0	0	0	0	0	112	0
LSUzotu198	0	0	0	0	0	0	0	0	0	0	0	0	0	0	0	0	0	0	0	0	0	0	0	0	0	0	0	0	0	0	0	0	0	0	0	0	0	0	0	0	0	0	0	0	0	0	0	0	0	0	0	0	0	0	0	38	0
LSUzotu128	0	0	0	0	0	0	0	0	0	0	0	0	0	0	0	0	0	0	0	0	0	0	0	0	0	0	0	0	0	0	0	0	0	0	0	0	0	0	0	0	0	0	0	0	0	0	0	0	0	0	0	0	0	0	0	56	0
LSUzotu200	0	0	0	0	0	0	0	0	0	0	0	0	0	0	0	0	0	0	0	0	0	0	0	0	0	0	0	0	0	0	0	0	0	0	0	0	0	0	0	0	0	0	0	0	0	0	0	0	0	0	0	0	0	0	0	32	0
LSUzotu209	0	0	0	0	0	0	0	0	0	0	0	0	0	0	0	0	0	0	0	0	0	0	0	0	0	0	0	0	0	0	0	0	0	0	0	0	0	0	0	0	0	0	0	0	0	0	0	0	0	0	0	0	0	0	0	4	0
LSUzotu127	0	0	0	0	0	0	0	0	0	0	0	0	0	0	0	0	0	0	0	0	0	0	0	0	0	0	0	0	0	0	0	0	0	0	0	0	0	0	0	0	0	0	0	0	0	0	0	0	0	0	0	0	0	0	0	4	0
